490,84,120,127
